0  92
 	 0      0.00000000000000000000      0.00000000000000000000
 	 1      0.00000000000000000000      3.91304347826086962314
 	 2      0.00000000000000000000      7.82608695652173924628
 	 3      0.00000000000000000000     11.73913043478260753716
 	 4      0.00000000000000000000     15.65217391304347849257
 	 5      0.00000000000000000000     19.56521739130434411891
 	 6      0.00000000000000000000     23.47826086956521507432
 	 7      0.00000000000000000000     27.39130434782608602973
 	 8      0.00000000000000000000     31.30434782608695698514
 	 9      0.00000000000000000000     35.21739130434782083512
 	 10      0.00000000000000000000     39.13043478260868823781
 	 11      0.00000000000000000000     43.04347826086956274594
 	 12      0.00000000000000000000     46.95652173913043014863
 	 13      0.00000000000000000000     50.86956521739129755133
 	 14      0.00000000000000000000     54.78260869565217205945
 	 15      0.00000000000000000000     58.69565217391303946215
 	 16      0.00000000000000000000     62.60869565217391397027
 	 17      0.00000000000000000000     66.52173913043478137297
 	 18      0.00000000000000000000     70.43478260869564167024
 	 19      0.00000000000000000000     74.34782608695651617836
 	 20      0.00000000000000000000     78.26086956521737647563
 	 21      0.00000000000000000000     82.17391304347826519461
 	 22      0.00000000000000000000     86.08695652173912549188
 	 23      0.00000000000000000000     90.00000000000000000000
 	 24      0.00000000000000000000     93.91304347826086029727
 	 25      0.00000000000000000000     97.82608695652173480539
 	 26      0.00000000000000000000    101.73913043478259510266
 	 27      0.00000000000000000000    105.65217391304346961078
 	 28      0.00000000000000000000    109.56521739130434411891
 	 29      0.00000000000000000000    113.47826086956521862703
 	 30      0.00000000000000000000    117.39130434782607892430
 	 31      0.00000000000000000000    121.30434782608693922157
 	 32      0.00000000000000000000    125.21739130434782794055
 	 33      0.00000000000000000000    129.13043478260868823781
 	 34      0.00000000000000000000    133.04347826086956274594
 	 35      0.00000000000000000000    136.95652173913043725406
 	 36      0.00000000000000000000    140.86956521739128334048
 	 37      0.00000000000000000000    144.78260869565218627031
 	 38      0.00000000000000000000    148.69565217391303235672
 	 39      0.00000000000000000000    152.60869565217390686485
 	 40      0.00000000000000000000    156.52173913043475295126
 	 41      0.00000000000000000000    160.43478260869565588109
 	 42      0.00000000000000000000    164.34782608695653038922
 	 43      0.00000000000000000000    168.26086956521737647563
 	 44      0.00000000000000000000    172.17391304347825098375
 	 45      0.00000000000000000000    176.08695652173912549188
 	 46      0.00000000000000000000    180.00000000000000000000
 	 47      0.00000000000000000000    183.91304347826084608641
 	 48      0.00000000000000000000    187.82608695652172059454
 	 49      0.00000000000000000000    191.73913043478262352437
 	 50      0.00000000000000000000    195.65217391304346961078
 	 51      0.00000000000000000000    199.56521739130434411891
 	 52      0.00000000000000000000    203.47826086956519020532
 	 53      0.00000000000000000000    207.39130434782609313515
 	 54      0.00000000000000000000    211.30434782608693922157
 	 55      0.00000000000000000000    215.21739130434781372969
 	 56      0.00000000000000000000    219.13043478260868823781
 	 57      0.00000000000000000000    223.04347826086956274594
 	 58      0.00000000000000000000    226.95652173913043725406
 	 59      0.00000000000000000000    230.86956521739128334048
 	 60      0.00000000000000000000    234.78260869565215784860
 	 61      0.00000000000000000000    238.69565217391306077843
 	 62      0.00000000000000000000    242.60869565217387844314
 	 63      0.00000000000000000000    246.52173913043475295126
 	 64      0.00000000000000000000    250.43478260869565588109
 	 65      0.00000000000000000000    254.34782608695653038922
 	 66      0.00000000000000000000    258.26086956521737647563
 	 67      0.00000000000000000000    262.17391304347825098375
 	 68      0.00000000000000000000    266.08695652173912549188
 	 69      0.00000000000000000000    270.00000000000000000000
 	 70      0.00000000000000000000    273.91304347826087450812
 	 71      0.00000000000000000000    277.82608695652169217283
 	 72      0.00000000000000000000    281.73913043478256668095
 	 73      0.00000000000000000000    285.65217391304344118907
 	 74      0.00000000000000000000    289.56521739130437254062
 	 75      0.00000000000000000000    293.47826086956524704874
 	 76      0.00000000000000000000    297.39130434782606471344
 	 77      0.00000000000000000000    301.30434782608693922157
 	 78      0.00000000000000000000    305.21739130434781372969
 	 79      0.00000000000000000000    309.13043478260868823781
 	 80      0.00000000000000000000    313.04347826086950590252
 	 81      0.00000000000000000000    316.95652173913038041064
 	 82      0.00000000000000000000    320.86956521739131176219
 	 83      0.00000000000000000000    324.78260869565218627031
 	 84      0.00000000000000000000    328.69565217391306077843
 	 85      0.00000000000000000000    332.60869565217387844314
 	 86      0.00000000000000000000    336.52173913043475295126
 	 87      0.00000000000000000000    340.43478260869562745938
 	 88      0.00000000000000000000    344.34782608695650196751
 	 89      0.00000000000000000000    348.26086956521737647563
 	 90      0.00000000000000000000    352.17391304347825098375
 	 91      0.00000000000000000000    356.08695652173912549188
1  92
 	 0      3.95227924438372157923      0.00000000000000000000
 	 1      3.95227924438372157923      3.91304347826086962314
 	 2      3.95227924438372157923      7.82608695652173924628
 	 3      3.95227924438372157923     11.73913043478260753716
 	 4      3.95227924438372157923     15.65217391304347849257
 	 5      3.95227924438372157923     19.56521739130434411891
 	 6      3.95227924438372157923     23.47826086956521507432
 	 7      3.95227924438372157923     27.39130434782608602973
 	 8      3.95227924438372157923     31.30434782608695698514
 	 9      3.95227924438372157923     35.21739130434782083512
 	 10      3.95227924438372157923     39.13043478260868823781
 	 11      3.95227924438372157923     43.04347826086956274594
 	 12      3.95227924438372157923     46.95652173913043014863
 	 13      3.95227924438372157923     50.86956521739129755133
 	 14      3.95227924438372157923     54.78260869565217205945
 	 15      3.95227924438372157923     58.69565217391303946215
 	 16      3.95227924438372157923     62.60869565217391397027
 	 17      3.95227924438372157923     66.52173913043478137297
 	 18      3.95227924438372157923     70.43478260869564167024
 	 19      3.95227924438372157923     74.34782608695651617836
 	 20      3.95227924438372157923     78.26086956521737647563
 	 21      3.95227924438372157923     82.17391304347826519461
 	 22      3.95227924438372157923     86.08695652173912549188
 	 23      3.95227924438372157923     90.00000000000000000000
 	 24      3.95227924438372157923     93.91304347826086029727
 	 25      3.95227924438372157923     97.82608695652173480539
 	 26      3.95227924438372157923    101.73913043478259510266
 	 27      3.95227924438372157923    105.65217391304346961078
 	 28      3.95227924438372157923    109.56521739130434411891
 	 29      3.95227924438372157923    113.47826086956521862703
 	 30      3.95227924438372157923    117.39130434782607892430
 	 31      3.95227924438372157923    121.30434782608693922157
 	 32      3.95227924438372157923    125.21739130434782794055
 	 33      3.95227924438372157923    129.13043478260868823781
 	 34      3.95227924438372157923    133.04347826086956274594
 	 35      3.95227924438372157923    136.95652173913043725406
 	 36      3.95227924438372157923    140.86956521739128334048
 	 37      3.95227924438372157923    144.78260869565218627031
 	 38      3.95227924438372157923    148.69565217391303235672
 	 39      3.95227924438372157923    152.60869565217390686485
 	 40      3.95227924438372157923    156.52173913043475295126
 	 41      3.95227924438372157923    160.43478260869565588109
 	 42      3.95227924438372157923    164.34782608695653038922
 	 43      3.95227924438372157923    168.26086956521737647563
 	 44      3.95227924438372157923    172.17391304347825098375
 	 45      3.95227924438372157923    176.08695652173912549188
 	 46      3.95227924438372157923    180.00000000000000000000
 	 47      3.95227924438372157923    183.91304347826084608641
 	 48      3.95227924438372157923    187.82608695652172059454
 	 49      3.95227924438372157923    191.73913043478262352437
 	 50      3.95227924438372157923    195.65217391304346961078
 	 51      3.95227924438372157923    199.56521739130434411891
 	 52      3.95227924438372157923    203.47826086956519020532
 	 53      3.95227924438372157923    207.39130434782609313515
 	 54      3.95227924438372157923    211.30434782608693922157
 	 55      3.95227924438372157923    215.21739130434781372969
 	 56      3.95227924438372157923    219.13043478260868823781
 	 57      3.95227924438372157923    223.04347826086956274594
 	 58      3.95227924438372157923    226.95652173913043725406
 	 59      3.95227924438372157923    230.86956521739128334048
 	 60      3.95227924438372157923    234.78260869565215784860
 	 61      3.95227924438372157923    238.69565217391306077843
 	 62      3.95227924438372157923    242.60869565217387844314
 	 63      3.95227924438372157923    246.52173913043475295126
 	 64      3.95227924438372157923    250.43478260869565588109
 	 65      3.95227924438372157923    254.34782608695653038922
 	 66      3.95227924438372157923    258.26086956521737647563
 	 67      3.95227924438372157923    262.17391304347825098375
 	 68      3.95227924438372157923    266.08695652173912549188
 	 69      3.95227924438372157923    270.00000000000000000000
 	 70      3.95227924438372157923    273.91304347826087450812
 	 71      3.95227924438372157923    277.82608695652169217283
 	 72      3.95227924438372157923    281.73913043478256668095
 	 73      3.95227924438372157923    285.65217391304344118907
 	 74      3.95227924438372157923    289.56521739130437254062
 	 75      3.95227924438372157923    293.47826086956524704874
 	 76      3.95227924438372157923    297.39130434782606471344
 	 77      3.95227924438372157923    301.30434782608693922157
 	 78      3.95227924438372157923    305.21739130434781372969
 	 79      3.95227924438372157923    309.13043478260868823781
 	 80      3.95227924438372157923    313.04347826086950590252
 	 81      3.95227924438372157923    316.95652173913038041064
 	 82      3.95227924438372157923    320.86956521739131176219
 	 83      3.95227924438372157923    324.78260869565218627031
 	 84      3.95227924438372157923    328.69565217391306077843
 	 85      3.95227924438372157923    332.60869565217387844314
 	 86      3.95227924438372157923    336.52173913043475295126
 	 87      3.95227924438372157923    340.43478260869562745938
 	 88      3.95227924438372157923    344.34782608695650196751
 	 89      3.95227924438372157923    348.26086956521737647563
 	 90      3.95227924438372157923    352.17391304347825098375
 	 91      3.95227924438372157923    356.08695652173912549188
2  91
 	 0      7.90227808590034896952      0.00000000000000000000
 	 1      7.90227808590034896952      3.95604395604395575603
 	 2      7.90227808590034896952      7.91208791208791151206
 	 3      7.90227808590034896952     11.86813186813186682400
 	 4      7.90227808590034896952     15.82417582417582302412
 	 5      7.90227808590034896952     19.78021978021978100060
 	 6      7.90227808590034896952     23.73626373626373364800
 	 7      7.90227808590034896952     27.69230769230768984812
 	 8      7.90227808590034896952     31.64835164835164604824
 	 9      7.90227808590034896952     35.60439560439559869565
 	 10      7.90227808590034896952     39.56043956043956200119
 	 11      7.90227808590034896952     43.51648351648351109588
 	 12      7.90227808590034896952     47.47252747252746729600
 	 13      7.90227808590034896952     51.42857142857143060155
 	 14      7.90227808590034896952     55.38461538461537969624
 	 15      7.90227808590034896952     59.34065934065933589636
 	 16      7.90227808590034896952     63.29670329670329209648
 	 17      7.90227808590034896952     67.25274725274725540203
 	 18      7.90227808590034896952     71.20879120879119739129
 	 19      7.90227808590034896952     75.16483516483516780227
 	 20      7.90227808590034896952     79.12087912087912400239
 	 21      7.90227808590034896952     83.07692307692306599165
 	 22      7.90227808590034896952     87.03296703296702219177
 	 23      7.90227808590034896952     90.98901098901099260274
 	 24      7.90227808590034896952     94.94505494505493459201
 	 25      7.90227808590034896952     98.90109890109889079213
 	 26      7.90227808590034896952    102.85714285714286120310
 	 27      7.90227808590034896952    106.81318681318681740322
 	 28      7.90227808590034896952    110.76923076923075939249
 	 29      7.90227808590034896952    114.72527472527471559260
 	 30      7.90227808590034896952    118.68131868131867179272
 	 31      7.90227808590034896952    122.63736263736262799284
 	 32      7.90227808590034896952    126.59340659340658419296
 	 33      7.90227808590034896952    130.54945054945054039308
 	 34      7.90227808590034896952    134.50549450549451080406
 	 35      7.90227808590034896952    138.46153846153848121503
 	 36      7.90227808590034896952    142.41758241758239478258
 	 37      7.90227808590034896952    146.37362637362636519356
 	 38      7.90227808590034896952    150.32967032967033560453
 	 39      7.90227808590034896952    154.28571428571427759380
 	 40      7.90227808590034896952    158.24175824175824800477
 	 41      7.90227808590034896952    162.19780219780218999404
 	 42      7.90227808590034896952    166.15384615384613198330
 	 43      7.90227808590034896952    170.10989010989010239427
 	 44      7.90227808590034896952    174.06593406593404438354
 	 45      7.90227808590034896952    178.02197802197801479451
 	 46      7.90227808590034896952    181.97802197802198520549
 	 47      7.90227808590034896952    185.93406593406592719475
 	 48      7.90227808590034896952    189.89010989010986918402
 	 49      7.90227808590034896952    193.84615384615383959499
 	 50      7.90227808590034896952    197.80219780219778158425
 	 51      7.90227808590034896952    201.75824175824175199523
 	 52      7.90227808590034896952    205.71428571428572240620
 	 53      7.90227808590034896952    209.67032967032966439547
 	 54      7.90227808590034896952    213.62637362637363480644
 	 55      7.90227808590034896952    217.58241758241757679571
 	 56      7.90227808590034896952    221.53846153846151878497
 	 57      7.90227808590034896952    225.49450549450548919594
 	 58      7.90227808590034896952    229.45054945054943118521
 	 59      7.90227808590034896952    233.40659340659337317447
 	 60      7.90227808590034896952    237.36263736263734358545
 	 61      7.90227808590034896952    241.31868131868128557471
 	 62      7.90227808590034896952    245.27472527472525598569
 	 63      7.90227808590034896952    249.23076923076922639666
 	 64      7.90227808590034896952    253.18681318681316838592
 	 65      7.90227808590034896952    257.14285714285711037519
 	 66      7.90227808590034896952    261.09890109890108078616
 	 67      7.90227808590034896952    265.05494505494505119714
 	 68      7.90227808590034896952    269.01098901098902160811
 	 69      7.90227808590034896952    272.96703296703299201909
 	 70      7.90227808590034896952    276.92307692307696243006
 	 71      7.90227808590034896952    280.87912087912081915420
 	 72      7.90227808590034896952    284.83516483516478956517
 	 73      7.90227808590034896952    288.79120879120875997614
 	 74      7.90227808590034896952    292.74725274725273038712
 	 75      7.90227808590034896952    296.70329670329670079809
 	 76      7.90227808590034896952    300.65934065934067120907
 	 77      7.90227808590034896952    304.61538461538458477662
 	 78      7.90227808590034896952    308.57142857142855518759
 	 79      7.90227808590034896952    312.52747252747252559857
 	 80      7.90227808590034896952    316.48351648351649600954
 	 81      7.90227808590034896952    320.43956043956046642052
 	 82      7.90227808590034896952    324.39560439560437998807
 	 83      7.90227808590034896952    328.35164835164835039905
 	 84      7.90227808590034896952    332.30769230769226396660
 	 85      7.90227808590034896952    336.26373626373623437757
 	 86      7.90227808590034896952    340.21978021978020478855
 	 87      7.90227808590034896952    344.17582417582417519952
 	 88      7.90227808590034896952    348.13186813186808876708
 	 89      7.90227808590034896952    352.08791208791205917805
 	 90      7.90227808590034896952    356.04395604395602958903
3  90
 	 0     11.84993817951414918355      0.00000000000000000000
 	 1     11.84993817951414918355      4.00000000000000000000
 	 2     11.84993817951414918355      8.00000000000000000000
 	 3     11.84993817951414918355     12.00000000000000000000
 	 4     11.84993817951414918355     16.00000000000000000000
 	 5     11.84993817951414918355     20.00000000000000000000
 	 6     11.84993817951414918355     24.00000000000000000000
 	 7     11.84993817951414918355     28.00000000000000000000
 	 8     11.84993817951414918355     32.00000000000000000000
 	 9     11.84993817951414918355     36.00000000000000000000
 	 10     11.84993817951414918355     40.00000000000000000000
 	 11     11.84993817951414918355     44.00000000000000000000
 	 12     11.84993817951414918355     48.00000000000000000000
 	 13     11.84993817951414918355     52.00000000000000000000
 	 14     11.84993817951414918355     56.00000000000000000000
 	 15     11.84993817951414918355     59.99999999999999289457
 	 16     11.84993817951414918355     64.00000000000000000000
 	 17     11.84993817951414918355     68.00000000000000000000
 	 18     11.84993817951414918355     72.00000000000000000000
 	 19     11.84993817951414918355     76.00000000000000000000
 	 20     11.84993817951414918355     80.00000000000000000000
 	 21     11.84993817951414918355     84.00000000000000000000
 	 22     11.84993817951414918355     88.00000000000000000000
 	 23     11.84993817951414918355     92.00000000000000000000
 	 24     11.84993817951414918355     96.00000000000000000000
 	 25     11.84993817951414918355    100.00000000000000000000
 	 26     11.84993817951414918355    104.00000000000000000000
 	 27     11.84993817951414918355    108.00000000000000000000
 	 28     11.84993817951414918355    112.00000000000000000000
 	 29     11.84993817951414918355    116.00000000000001421085
 	 30     11.84993817951414918355    119.99999999999998578915
 	 31     11.84993817951414918355    124.00000000000000000000
 	 32     11.84993817951414918355    128.00000000000000000000
 	 33     11.84993817951414918355    132.00000000000000000000
 	 34     11.84993817951414918355    136.00000000000000000000
 	 35     11.84993817951414918355    140.00000000000000000000
 	 36     11.84993817951414918355    144.00000000000000000000
 	 37     11.84993817951414918355    148.00000000000000000000
 	 38     11.84993817951414918355    152.00000000000000000000
 	 39     11.84993817951414918355    156.00000000000000000000
 	 40     11.84993817951414918355    160.00000000000000000000
 	 41     11.84993817951414918355    164.00000000000000000000
 	 42     11.84993817951414918355    168.00000000000000000000
 	 43     11.84993817951414918355    172.00000000000000000000
 	 44     11.84993817951414918355    176.00000000000000000000
 	 45     11.84993817951414918355    180.00000000000000000000
 	 46     11.84993817951414918355    184.00000000000000000000
 	 47     11.84993817951414918355    188.00000000000000000000
 	 48     11.84993817951414918355    192.00000000000000000000
 	 49     11.84993817951414918355    196.00000000000000000000
 	 50     11.84993817951414918355    200.00000000000000000000
 	 51     11.84993817951414918355    204.00000000000000000000
 	 52     11.84993817951414918355    208.00000000000000000000
 	 53     11.84993817951414918355    212.00000000000000000000
 	 54     11.84993817951414918355    216.00000000000000000000
 	 55     11.84993817951414918355    220.00000000000000000000
 	 56     11.84993817951414918355    224.00000000000000000000
 	 57     11.84993817951414918355    228.00000000000000000000
 	 58     11.84993817951414918355    232.00000000000002842171
 	 59     11.84993817951414918355    236.00000000000002842171
 	 60     11.84993817951414918355    239.99999999999997157829
 	 61     11.84993817951414918355    243.99999999999997157829
 	 62     11.84993817951414918355    248.00000000000000000000
 	 63     11.84993817951414918355    252.00000000000000000000
 	 64     11.84993817951414918355    256.00000000000000000000
 	 65     11.84993817951414918355    260.00000000000000000000
 	 66     11.84993817951414918355    264.00000000000000000000
 	 67     11.84993817951414918355    268.00000000000000000000
 	 68     11.84993817951414918355    272.00000000000000000000
 	 69     11.84993817951414918355    276.00000000000000000000
 	 70     11.84993817951414918355    280.00000000000000000000
 	 71     11.84993817951414918355    284.00000000000000000000
 	 72     11.84993817951414918355    288.00000000000000000000
 	 73     11.84993817951414918355    292.00000000000000000000
 	 74     11.84993817951414918355    296.00000000000000000000
 	 75     11.84993817951414918355    300.00000000000000000000
 	 76     11.84993817951414918355    304.00000000000000000000
 	 77     11.84993817951414918355    308.00000000000000000000
 	 78     11.84993817951414918355    312.00000000000000000000
 	 79     11.84993817951414918355    316.00000000000000000000
 	 80     11.84993817951414918355    320.00000000000000000000
 	 81     11.84993817951414918355    324.00000000000000000000
 	 82     11.84993817951414918355    328.00000000000000000000
 	 83     11.84993817951414918355    332.00000000000000000000
 	 84     11.84993817951414918355    336.00000000000000000000
 	 85     11.84993817951414918355    340.00000000000000000000
 	 86     11.84993817951414918355    344.00000000000000000000
 	 87     11.84993817951414918355    348.00000000000000000000
 	 88     11.84993817951414918355    352.00000000000000000000
 	 89     11.84993817951414918355    356.00000000000000000000
4  89
 	 0     15.79526900391958044167      0.00000000000000000000
 	 1     15.79526900391958044167      4.04494382022471921090
 	 2     15.79526900391958044167      8.08988764044943842180
 	 3     15.79526900391958044167     12.13483146067415674452
 	 4     15.79526900391958044167     16.17977528089887684359
 	 5     15.79526900391958044167     20.22471910112359694267
 	 6     15.79526900391958044167     24.26966292134831348903
 	 7     15.79526900391958044167     28.31460674157303358811
 	 8     15.79526900391958044167     32.35955056179775368719
 	 9     15.79526900391958044167     36.40449438202247023355
 	 10     15.79526900391958044167     40.44943820224719388534
 	 11     15.79526900391958044167     44.49438202247191043170
 	 12     15.79526900391958044167     48.53932584269662697807
 	 13     15.79526900391958044167     52.58426966292135062986
 	 14     15.79526900391958044167     56.62921348314606717622
 	 15     15.79526900391958044167     60.67415730337078372258
 	 16     15.79526900391958044167     64.71910112359550737438
 	 17     15.79526900391958044167     68.76404494382022392074
 	 18     15.79526900391958044167     72.80898876404494046710
 	 19     15.79526900391958044167     76.85393258426967122432
 	 20     15.79526900391958044167     80.89887640449438777068
 	 21     15.79526900391958044167     84.94382022471910431705
 	 22     15.79526900391958044167     88.98876404494382086341
 	 23     15.79526900391958044167     93.03370786516853740977
 	 24     15.79526900391958044167     97.07865168539325395614
 	 25     15.79526900391958044167    101.12359550561798471335
 	 26     15.79526900391958044167    105.16853932584270125972
 	 27     15.79526900391958044167    109.21348314606741780608
 	 28     15.79526900391958044167    113.25842696629213435244
 	 29     15.79526900391958044167    117.30337078651685089881
 	 30     15.79526900391958044167    121.34831460674156744517
 	 31     15.79526900391958044167    125.39325842696628399153
 	 32     15.79526900391958044167    129.43820224719101474875
 	 33     15.79526900391958044167    133.48314606741573129511
 	 34     15.79526900391958044167    137.52808988764044784148
 	 35     15.79526900391958044167    141.57303370786516438784
 	 36     15.79526900391958044167    145.61797752808988093420
 	 37     15.79526900391958044167    149.66292134831459748057
 	 38     15.79526900391958044167    153.70786516853934244864
 	 39     15.79526900391958044167    157.75280898876403057329
 	 40     15.79526900391958044167    161.79775280898877554137
 	 41     15.79526900391958044167    165.84269662921346366602
 	 42     15.79526900391958044167    169.88764044943820863409
 	 43     15.79526900391958044167    173.93258426966292518046
 	 44     15.79526900391958044167    177.97752808988764172682
 	 45     15.79526900391958044167    182.02247191011235827318
 	 46     15.79526900391958044167    186.06741573033707481954
 	 47     15.79526900391958044167    190.11235955056179136591
 	 48     15.79526900391958044167    194.15730337078650791227
 	 49     15.79526900391958044167    198.20224719101122445863
 	 50     15.79526900391958044167    202.24719101123596942671
 	 51     15.79526900391958044167    206.29213483146065755136
 	 52     15.79526900391958044167    210.33707865168540251943
 	 53     15.79526900391958044167    214.38202247191009064409
 	 54     15.79526900391958044167    218.42696629213483561216
 	 55     15.79526900391958044167    222.47191011235955215852
 	 56     15.79526900391958044167    226.51685393258426870489
 	 57     15.79526900391958044167    230.56179775280895682954
 	 58     15.79526900391958044167    234.60674157303370179761
 	 59     15.79526900391958044167    238.65168539325841834398
 	 60     15.79526900391958044167    242.69662921348313489034
 	 61     15.79526900391958044167    246.74157303370787985841
 	 62     15.79526900391958044167    250.78651685393256798307
 	 63     15.79526900391958044167    254.83146067415728452943
 	 64     15.79526900391958044167    258.87640449438202949750
 	 65     15.79526900391958044167    262.92134831460674604386
 	 66     15.79526900391958044167    266.96629213483146259023
 	 67     15.79526900391958044167    271.01123595505617913659
 	 68     15.79526900391958044167    275.05617977528089568295
 	 69     15.79526900391958044167    279.10112359550561222932
 	 70     15.79526900391958044167    283.14606741573032877568
 	 71     15.79526900391958044167    287.19101123595504532204
 	 72     15.79526900391958044167    291.23595505617976186841
 	 73     15.79526900391958044167    295.28089887640447841477
 	 74     15.79526900391958044167    299.32584269662919496113
 	 75     15.79526900391958044167    303.37078651685391150750
 	 76     15.79526900391958044167    307.41573033707868489728
 	 77     15.79526900391958044167    311.46067415730334460022
 	 78     15.79526900391958044167    315.50561797752806114659
 	 79     15.79526900391958044167    319.55056179775277769295
 	 80     15.79526900391958044167    323.59550561797755108273
 	 81     15.79526900391958044167    327.64044943820226762909
 	 82     15.79526900391958044167    331.68539325842692733204
 	 83     15.79526900391958044167    335.73033707865164387840
 	 84     15.79526900391958044167    339.77528089887641726818
 	 85     15.79526900391958044167    343.82022471910113381455
 	 86     15.79526900391958044167    347.86516853932585036091
 	 87     15.79526900391958044167    351.91011235955051006385
 	 88     15.79526900391958044167    355.95505617977528345364
5  87
 	 0     19.73832482876675697980      0.00000000000000000000
 	 1     19.73832482876675697980      4.13793103448275800815
 	 2     19.73832482876675697980      8.27586206896551601631
 	 3     19.73832482876675697980     12.41379310344827402446
 	 4     19.73832482876675697980     16.55172413793103203261
 	 5     19.73832482876675697980     20.68965517241379359348
 	 6     19.73832482876675697980     24.82758620689654804892
 	 7     19.73832482876675697980     28.96551724137931316250
 	 8     19.73832482876675697980     33.10344827586206406522
 	 9     19.73832482876675697980     37.24137931034482562609
 	 10     19.73832482876675697980     41.37931034482758718696
 	 11     19.73832482876675697980     45.51724137931034164239
 	 12     19.73832482876675697980     49.65517241379309609783
 	 13     19.73832482876675697980     53.79310344827585765870
 	 14     19.73832482876675697980     57.93103448275862632499
 	 15     19.73832482876675697980     62.06896551724138078043
 	 16     19.73832482876675697980     66.20689655172412813045
 	 17     19.73832482876675697980     70.34482758620688969131
 	 18     19.73832482876675697980     74.48275862068965125218
 	 19     19.73832482876675697980     78.62068965517241281304
 	 20     19.73832482876675697980     82.75862068965517437391
 	 21     19.73832482876675697980     86.89655172413792172392
 	 22     19.73832482876675697980     91.03448275862068328479
 	 23     19.73832482876675697980     95.17241379310344484566
 	 24     19.73832482876675697980     99.31034482758619219567
 	 25     19.73832482876675697980    103.44827586206896796739
 	 26     19.73832482876675697980    107.58620689655171531740
 	 27     19.73832482876675697980    111.72413793103447687827
 	 28     19.73832482876675697980    115.86206896551725264999
 	 29     19.73832482876675697980    119.99999999999998578915
 	 30     19.73832482876675697980    124.13793103448276156087
 	 31     19.73832482876675697980    128.27586206896549470002
 	 32     19.73832482876675697980    132.41379310344825626089
 	 33     19.73832482876675697980    136.55172413793104624347
 	 34     19.73832482876675697980    140.68965517241377938262
 	 35     19.73832482876675697980    144.82758620689654094349
 	 36     19.73832482876675697980    148.96551724137930250436
 	 37     19.73832482876675697980    153.10344827586206406522
 	 38     19.73832482876675697980    157.24137931034482562609
 	 39     19.73832482876675697980    161.37931034482758718696
 	 40     19.73832482876675697980    165.51724137931034874782
 	 41     19.73832482876675697980    169.65517241379308188698
 	 42     19.73832482876675697980    173.79310344827584344785
 	 43     19.73832482876675697980    177.93103448275863343042
 	 44     19.73832482876675697980    182.06896551724136656958
 	 45     19.73832482876675697980    186.20689655172412813045
 	 46     19.73832482876675697980    190.34482758620688969131
 	 47     19.73832482876675697980    194.48275862068965125218
 	 48     19.73832482876675697980    198.62068965517238439134
 	 49     19.73832482876675697980    202.75862068965517437391
 	 50     19.73832482876675697980    206.89655172413793593478
 	 51     19.73832482876675697980    211.03448275862066907393
 	 52     19.73832482876675697980    215.17241379310343063480
 	 53     19.73832482876675697980    219.31034482758619219567
 	 54     19.73832482876675697980    223.44827586206895375653
 	 55     19.73832482876675697980    227.58620689655171531740
 	 56     19.73832482876675697980    231.72413793103450529998
 	 57     19.73832482876675697980    235.86206896551723843913
 	 58     19.73832482876675697980    239.99999999999997157829
 	 59     19.73832482876675697980    244.13793103448276156087
 	 60     19.73832482876675697980    248.27586206896552312173
 	 61     19.73832482876675697980    252.41379310344825626089
 	 62     19.73832482876675697980    256.55172413793098940005
 	 63     19.73832482876675697980    260.68965517241377938262
 	 64     19.73832482876675697980    264.82758620689651252178
 	 65     19.73832482876675697980    268.96551724137930250436
 	 66     19.73832482876675697980    273.10344827586209248693
 	 67     19.73832482876675697980    277.24137931034482562609
 	 68     19.73832482876675697980    281.37931034482755876525
 	 69     19.73832482876675697980    285.51724137931029190440
 	 70     19.73832482876675697980    289.65517241379308188698
 	 71     19.73832482876675697980    293.79310344827587186955
 	 72     19.73832482876675697980    297.93103448275860500871
 	 73     19.73832482876675697980    302.06896551724139499129
 	 74     19.73832482876675697980    306.20689655172412813045
 	 75     19.73832482876675697980    310.34482758620686126960
 	 76     19.73832482876675697980    314.48275862068965125218
 	 77     19.73832482876675697980    318.62068965517238439134
 	 78     19.73832482876675697980    322.75862068965517437391
 	 79     19.73832482876675697980    326.89655172413790751307
 	 80     19.73832482876675697980    331.03448275862069749564
 	 81     19.73832482876675697980    335.17241379310343063480
 	 82     19.73832482876675697980    339.31034482758616377396
 	 83     19.73832482876675697980    343.44827586206895375653
 	 84     19.73832482876675697980    347.58620689655168689569
 	 85     19.73832482876675697980    351.72413793103447687827
 	 86     19.73832482876675697980    355.86206896551726686084
6  85
 	 0     23.67891543848372037928      0.00000000000000000000
 	 1     23.67891543848372037928      4.23529411764705887578
 	 2     23.67891543848372037928      8.47058823529411775155
 	 3     23.67891543848372037928     12.70588235294117573915
 	 4     23.67891543848372037928     16.94117647058823550310
 	 5     23.67891543848372037928     21.17647058823529349070
 	 6     23.67891543848372037928     25.41176470588235147829
 	 7     23.67891543848372037928     29.64705882352940946589
 	 8     23.67891543848372037928     33.88235294117647100620
 	 9     23.67891543848372037928     38.11764705882352899380
 	 10     23.67891543848372037928     42.35294117647058698140
 	 11     23.67891543848372037928     46.58823529411764496899
 	 12     23.67891543848372037928     50.82352941176470295659
 	 13     23.67891543848372037928     55.05882352941176094419
 	 14     23.67891543848372037928     59.29411764705881893178
 	 15     23.67891543848372037928     63.52941176470587691938
 	 16     23.67891543848372037928     67.76470588235294201240
 	 17     23.67891543848372037928     72.00000000000000000000
 	 18     23.67891543848372037928     76.23529411764705798760
 	 19     23.67891543848372037928     80.47058823529411597519
 	 20     23.67891543848372037928     84.70588235294117396279
 	 21     23.67891543848372037928     88.94117647058823195039
 	 22     23.67891543848372037928     93.17647058823528993798
 	 23     23.67891543848372037928     97.41176470588236213644
 	 24     23.67891543848372037928    101.64705882352940591318
 	 25     23.67891543848372037928    105.88235294117646390077
 	 26     23.67891543848372037928    110.11764705882352188837
 	 27     23.67891543848372037928    114.35294117647057987597
 	 28     23.67891543848372037928    118.58823529411763786356
 	 29     23.67891543848372037928    122.82352941176471006202
 	 30     23.67891543848372037928    127.05882352941175383876
 	 31     23.67891543848372037928    131.29411764705884024806
 	 32     23.67891543848372037928    135.52941176470588402481
 	 33     23.67891543848372037928    139.76470588235292780155
 	 34     23.67891543848372037928    144.00000000000000000000
 	 35     23.67891543848372037928    148.23529411764704377674
 	 36     23.67891543848372037928    152.47058823529411597519
 	 37     23.67891543848372037928    156.70588235294115975194
 	 38     23.67891543848372037928    160.94117647058823195039
 	 39     23.67891543848372037928    165.17647058823527572713
 	 40     23.67891543848372037928    169.41176470588234792558
 	 41     23.67891543848372037928    173.64705882352939170232
 	 42     23.67891543848372037928    177.88235294117646390077
 	 43     23.67891543848372037928    182.11764705882350767752
 	 44     23.67891543848372037928    186.35294117647057987597
 	 45     23.67891543848372037928    190.58823529411765207442
 	 46     23.67891543848372037928    194.82352941176472427287
 	 47     23.67891543848372037928    199.05882352941176804961
 	 48     23.67891543848372037928    203.29411764705881182635
 	 49     23.67891543848372037928    207.52941176470588402481
 	 50     23.67891543848372037928    211.76470588235292780155
 	 51     23.67891543848372037928    216.00000000000000000000
 	 52     23.67891543848372037928    220.23529411764704377674
 	 53     23.67891543848372037928    224.47058823529411597519
 	 54     23.67891543848372037928    228.70588235294115975194
 	 55     23.67891543848372037928    232.94117647058823195039
 	 56     23.67891543848372037928    237.17647058823527572713
 	 57     23.67891543848372037928    241.41176470588231950387
 	 58     23.67891543848372037928    245.64705882352942012403
 	 59     23.67891543848372037928    249.88235294117646390077
 	 60     23.67891543848372037928    254.11764705882350767752
 	 61     23.67891543848372037928    258.35294117647055145426
 	 62     23.67891543848372037928    262.58823529411768049613
 	 63     23.67891543848372037928    266.82352941176469585116
 	 64     23.67891543848372037928    271.05882352941176804961
 	 65     23.67891543848372037928    275.29411764705878340465
 	 66     23.67891543848372037928    279.52941176470585560310
 	 67     23.67891543848372037928    283.76470588235292780155
 	 68     23.67891543848372037928    288.00000000000000000000
 	 69     23.67891543848372037928    292.23529411764701535503
 	 70     23.67891543848372037928    296.47058823529408755348
 	 71     23.67891543848372037928    300.70588235294115975194
 	 72     23.67891543848372037928    304.94117647058823195039
 	 73     23.67891543848372037928    309.17647058823530414884
 	 74     23.67891543848372037928    313.41176470588231950387
 	 75     23.67891543848372037928    317.64705882352944854574
 	 76     23.67891543848372037928    321.88235294117646390077
 	 77     23.67891543848372037928    326.11764705882353609923
 	 78     23.67891543848372037928    330.35294117647055145426
 	 79     23.67891543848372037928    334.58823529411768049613
 	 80     23.67891543848372037928    338.82352941176469585116
 	 81     23.67891543848372037928    343.05882352941176804961
 	 82     23.67891543848372037928    347.29411764705878340465
 	 83     23.67891543848372037928    351.52941176470585560310
 	 84     23.67891543848372037928    355.76470588235292780155
7  83
 	 0     27.61707283759004738499      0.00000000000000000000
 	 1     27.61707283759004738499      4.33734939759036119966
 	 2     27.61707283759004738499      8.67469879518072239932
 	 3     27.61707283759004738499     13.01204819277108448716
 	 4     27.61707283759004738499     17.34939759036144479865
 	 5     27.61707283759004738499     21.68674698795181043920
 	 6     27.61707283759004738499     26.02409638554216897433
 	 7     27.61707283759004738499     30.36144578313253106217
 	 8     27.61707283759004738499     34.69879518072288959729
 	 9     27.61707283759004738499     39.03614457831325523784
 	 10     27.61707283759004738499     43.37349397590362087840
 	 11     27.61707283759004738499     47.71084337349397941352
 	 12     27.61707283759004738499     52.04819277108433794865
 	 13     27.61707283759004738499     56.38554216867470358920
 	 14     27.61707283759004738499     60.72289156626506212433
 	 15     27.61707283759004738499     65.06024096385542065946
 	 16     27.61707283759004738499     69.39759036144577919458
 	 17     27.61707283759004738499     73.73493975903615194056
 	 18     27.61707283759004738499     78.07228915662651047569
 	 19     27.61707283759004738499     82.40963855421686901082
 	 20     27.61707283759004738499     86.74698795180724175680
 	 21     27.61707283759004738499     91.08433734939758608107
 	 22     27.61707283759004738499     95.42168674698795882705
 	 23     27.61707283759004738499     99.75903614457831736217
 	 24     27.61707283759004738499    104.09638554216867589730
 	 25     27.61707283759004738499    108.43373493975904864328
 	 26     27.61707283759004738499    112.77108433734940717841
 	 27     27.61707283759004738499    117.10843373493975150268
 	 28     27.61707283759004738499    121.44578313253012424866
 	 29     27.61707283759004738499    125.78313253012048278379
 	 30     27.61707283759004738499    130.12048192771084131891
 	 31     27.61707283759004738499    134.45783132530121406489
 	 32     27.61707283759004738499    138.79518072289155838916
 	 33     27.61707283759004738499    143.13253012048193113515
 	 34     27.61707283759004738499    147.46987951807230388113
 	 35     27.61707283759004738499    151.80722891566264820540
 	 36     27.61707283759004738499    156.14457831325302095138
 	 37     27.61707283759004738499    160.48192771084339369736
 	 38     27.61707283759004738499    164.81927710843373802163
 	 39     27.61707283759004738499    169.15662650602411076761
 	 40     27.61707283759004738499    173.49397590361448351359
 	 41     27.61707283759004738499    177.83132530120482783786
 	 42     27.61707283759004738499    182.16867469879517216214
 	 43     27.61707283759004738499    186.50602409638554490812
 	 44     27.61707283759004738499    190.84337349397591765410
 	 45     27.61707283759004738499    195.18072289156626197837
 	 46     27.61707283759004738499    199.51807228915663472435
 	 47     27.61707283759004738499    203.85542168674700747033
 	 48     27.61707283759004738499    208.19277108433735179460
 	 49     27.61707283759004738499    212.53012048192772454058
 	 50     27.61707283759004738499    216.86746987951809728656
 	 51     27.61707283759004738499    221.20481927710844161084
 	 52     27.61707283759004738499    225.54216867469881435682
 	 53     27.61707283759004738499    229.87951807228915868109
 	 54     27.61707283759004738499    234.21686746987950300536
 	 55     27.61707283759004738499    238.55421686746987575134
 	 56     27.61707283759004738499    242.89156626506024849732
 	 57     27.61707283759004738499    247.22891566265059282159
 	 58     27.61707283759004738499    251.56626506024096556757
 	 59     27.61707283759004738499    255.90361445783133831355
 	 60     27.61707283759004738499    260.24096385542168263783
 	 61     27.61707283759004738499    264.57831325301202696210
 	 62     27.61707283759004738499    268.91566265060242812979
 	 63     27.61707283759004738499    273.25301204819277245406
 	 64     27.61707283759004738499    277.59036144578311677833
 	 65     27.61707283759004738499    281.92771084337351794602
 	 66     27.61707283759004738499    286.26506024096386227029
 	 67     27.61707283759004738499    290.60240963855420659456
 	 68     27.61707283759004738499    294.93975903614460776225
 	 69     27.61707283759004738499    299.27710843373495208652
 	 70     27.61707283759004738499    303.61445783132529641080
 	 71     27.61707283759004738499    307.95180722891569757849
 	 72     27.61707283759004738499    312.28915662650604190276
 	 73     27.61707283759004738499    316.62650602409638622703
 	 74     27.61707283759004738499    320.96385542168678739472
 	 75     27.61707283759004738499    325.30120481927713171899
 	 76     27.61707283759004738499    329.63855421686747604326
 	 77     27.61707283759004738499    333.97590361445787721095
 	 78     27.61707283759004738499    338.31325301204822153522
 	 79     27.61707283759004738499    342.65060240963856585950
 	 80     27.61707283759004738499    346.98795180722896702719
 	 81     27.61707283759004738499    351.32530120481925450804
 	 82     27.61707283759004738499    355.66265060240965567573
8  80
 	 0     31.55287782620570169456      0.00000000000000000000
 	 1     31.55287782620570169456      4.50000000000000000000
 	 2     31.55287782620570169456      9.00000000000000000000
 	 3     31.55287782620570169456     13.50000000000000000000
 	 4     31.55287782620570169456     18.00000000000000000000
 	 5     31.55287782620570169456     22.50000000000000000000
 	 6     31.55287782620570169456     27.00000000000000000000
 	 7     31.55287782620570169456     31.50000000000000000000
 	 8     31.55287782620570169456     36.00000000000000000000
 	 9     31.55287782620570169456     40.50000000000000000000
 	 10     31.55287782620570169456     45.00000000000000000000
 	 11     31.55287782620570169456     49.50000000000000000000
 	 12     31.55287782620570169456     54.00000000000000000000
 	 13     31.55287782620570169456     58.50000000000000000000
 	 14     31.55287782620570169456     63.00000000000000000000
 	 15     31.55287782620570169456     67.50000000000000000000
 	 16     31.55287782620570169456     72.00000000000000000000
 	 17     31.55287782620570169456     76.50000000000000000000
 	 18     31.55287782620570169456     81.00000000000000000000
 	 19     31.55287782620570169456     85.50000000000000000000
 	 20     31.55287782620570169456     90.00000000000000000000
 	 21     31.55287782620570169456     94.50000000000000000000
 	 22     31.55287782620570169456     99.00000000000000000000
 	 23     31.55287782620570169456    103.50000000000000000000
 	 24     31.55287782620570169456    108.00000000000000000000
 	 25     31.55287782620570169456    112.50000000000000000000
 	 26     31.55287782620570169456    117.00000000000000000000
 	 27     31.55287782620570169456    121.50000000000000000000
 	 28     31.55287782620570169456    126.00000000000000000000
 	 29     31.55287782620570169456    130.50000000000000000000
 	 30     31.55287782620570169456    135.00000000000000000000
 	 31     31.55287782620570169456    139.50000000000000000000
 	 32     31.55287782620570169456    144.00000000000000000000
 	 33     31.55287782620570169456    148.50000000000000000000
 	 34     31.55287782620570169456    153.00000000000000000000
 	 35     31.55287782620570169456    157.50000000000000000000
 	 36     31.55287782620570169456    162.00000000000000000000
 	 37     31.55287782620570169456    166.50000000000000000000
 	 38     31.55287782620570169456    171.00000000000000000000
 	 39     31.55287782620570169456    175.50000000000000000000
 	 40     31.55287782620570169456    180.00000000000000000000
 	 41     31.55287782620570169456    184.50000000000000000000
 	 42     31.55287782620570169456    189.00000000000000000000
 	 43     31.55287782620570169456    193.50000000000000000000
 	 44     31.55287782620570169456    198.00000000000000000000
 	 45     31.55287782620570169456    202.50000000000000000000
 	 46     31.55287782620570169456    207.00000000000000000000
 	 47     31.55287782620570169456    211.50000000000000000000
 	 48     31.55287782620570169456    216.00000000000000000000
 	 49     31.55287782620570169456    220.50000000000000000000
 	 50     31.55287782620570169456    225.00000000000000000000
 	 51     31.55287782620570169456    229.49999999999997157829
 	 52     31.55287782620570169456    234.00000000000000000000
 	 53     31.55287782620570169456    238.50000000000002842171
 	 54     31.55287782620570169456    243.00000000000000000000
 	 55     31.55287782620570169456    247.49999999999997157829
 	 56     31.55287782620570169456    252.00000000000000000000
 	 57     31.55287782620570169456    256.50000000000000000000
 	 58     31.55287782620570169456    261.00000000000000000000
 	 59     31.55287782620570169456    265.49999999999994315658
 	 60     31.55287782620570169456    270.00000000000000000000
 	 61     31.55287782620570169456    274.50000000000000000000
 	 62     31.55287782620570169456    279.00000000000000000000
 	 63     31.55287782620570169456    283.49999999999994315658
 	 64     31.55287782620570169456    288.00000000000000000000
 	 65     31.55287782620570169456    292.50000000000000000000
 	 66     31.55287782620570169456    297.00000000000000000000
 	 67     31.55287782620570169456    301.49999999999994315658
 	 68     31.55287782620570169456    306.00000000000000000000
 	 69     31.55287782620570169456    310.50000000000000000000
 	 70     31.55287782620570169456    315.00000000000000000000
 	 71     31.55287782620570169456    319.49999999999994315658
 	 72     31.55287782620570169456    324.00000000000000000000
 	 73     31.55287782620570169456    328.50000000000000000000
 	 74     31.55287782620570169456    333.00000000000000000000
 	 75     31.55287782620570169456    337.49999999999994315658
 	 76     31.55287782620570169456    342.00000000000000000000
 	 77     31.55287782620570169456    346.50000000000000000000
 	 78     31.55287782620570169456    351.00000000000000000000
 	 79     31.55287782620570169456    355.49999999999994315658
9  76
 	 0     35.48596413306305663582      0.00000000000000000000
 	 1     35.48596413306305663582      4.73684210526315752077
 	 2     35.48596413306305663582      9.47368421052631504153
 	 3     35.48596413306305663582     14.21052631578947256230
 	 4     35.48596413306305663582     18.94736842105263008307
 	 5     35.48596413306305663582     23.68421052631578760383
 	 6     35.48596413306305663582     28.42105263157894512460
 	 7     35.48596413306305663582     33.15789473684210264537
 	 8     35.48596413306305663582     37.89473684210526016614
 	 9     35.48596413306305663582     42.63157894736841768690
 	 10     35.48596413306305663582     47.36842105263157520767
 	 11     35.48596413306305663582     52.10526315789473983386
 	 12     35.48596413306305663582     56.84210526315789024920
 	 13     35.48596413306305663582     61.57894736842104776997
 	 14     35.48596413306305663582     66.31578947368420529074
 	 15     35.48596413306305663582     71.05263157894736991693
 	 16     35.48596413306305663582     75.78947368421052033227
 	 17     35.48596413306305663582     80.52631578947368495847
 	 18     35.48596413306305663582     85.26315789473683537381
 	 19     35.48596413306305663582     90.00000000000000000000
 	 20     35.48596413306305663582     94.73684210526315041534
 	 21     35.48596413306305663582     99.47368421052631504153
 	 22     35.48596413306305663582    104.21052631578947966773
 	 23     35.48596413306305663582    108.94736842105263008307
 	 24     35.48596413306305663582    113.68421052631578049841
 	 25     35.48596413306305663582    118.42105263157894512460
 	 26     35.48596413306305663582    123.15789473684209553994
 	 27     35.48596413306305663582    127.89473684210526016614
 	 28     35.48596413306305663582    132.63157894736841058148
 	 29     35.48596413306305663582    137.36842105263158941852
 	 30     35.48596413306305663582    142.10526315789473983386
 	 31     35.48596413306305663582    146.84210526315789024920
 	 32     35.48596413306305663582    151.57894736842104066454
 	 33     35.48596413306305663582    156.31578947368419107988
 	 34     35.48596413306305663582    161.05263157894736991693
 	 35     35.48596413306305663582    165.78947368421052033227
 	 36     35.48596413306305663582    170.52631578947367074761
 	 37     35.48596413306305663582    175.26315789473682116295
 	 38     35.48596413306305663582    180.00000000000000000000
 	 39     35.48596413306305663582    184.73684210526315041534
 	 40     35.48596413306305663582    189.47368421052630083068
 	 41     35.48596413306305663582    194.21052631578945124602
 	 42     35.48596413306305663582    198.94736842105263008307
 	 43     35.48596413306305663582    203.68421052631578049841
 	 44     35.48596413306305663582    208.42105263157895933546
 	 45     35.48596413306305663582    213.15789473684208132909
 	 46     35.48596413306305663582    217.89473684210526016614
 	 47     35.48596413306305663582    222.63157894736841058148
 	 48     35.48596413306305663582    227.36842105263156099682
 	 49     35.48596413306305663582    232.10526315789473983386
 	 50     35.48596413306305663582    236.84210526315789024920
 	 51     35.48596413306305663582    241.57894736842101224283
 	 52     35.48596413306305663582    246.31578947368419107988
 	 53     35.48596413306305663582    251.05263157894736991693
 	 54     35.48596413306305663582    255.78947368421052033227
 	 55     35.48596413306305663582    260.52631578947364232590
 	 56     35.48596413306305663582    265.26315789473682116295
 	 57     35.48596413306305663582    270.00000000000000000000
 	 58     35.48596413306305663582    274.73684210526317883705
 	 59     35.48596413306305663582    279.47368421052630083068
 	 60     35.48596413306305663582    284.21052631578947966773
 	 61     35.48596413306305663582    288.94736842105260166136
 	 62     35.48596413306305663582    293.68421052631578049841
 	 63     35.48596413306305663582    298.42105263157890249204
 	 64     35.48596413306305663582    303.15789473684208132909
 	 65     35.48596413306305663582    307.89473684210526016614
 	 66     35.48596413306305663582    312.63157894736838215977
 	 67     35.48596413306305663582    317.36842105263156099682
 	 68     35.48596413306305663582    322.10526315789473983386
 	 69     35.48596413306305663582    326.84210526315791867091
 	 70     35.48596413306305663582    331.57894736842104066454
 	 71     35.48596413306305663582    336.31578947368416265817
 	 72     35.48596413306305663582    341.05263157894734149522
 	 73     35.48596413306305663582    345.78947368421052033227
 	 74     35.48596413306305663582    350.52631578947364232590
 	 75     35.48596413306305663582    355.26315789473682116295
10  73
 	 0     39.41575729840516828517      0.00000000000000000000
 	 1     39.41575729840516828517      4.93150684931506866349
 	 2     39.41575729840516828517      9.86301369863013732697
 	 3     39.41575729840516828517     14.79452054794520599046
 	 4     39.41575729840516828517     19.72602739726027465395
 	 5     39.41575729840516828517     24.65753424657534154107
 	 6     39.41575729840516828517     29.58904109589041198092
 	 7     39.41575729840516828517     34.52054794520547886805
 	 8     39.41575729840516828517     39.45205479452054930789
 	 9     39.41575729840516828517     44.38356164383561264231
 	 10     39.41575729840516828517     49.31506849315068308215
 	 11     39.41575729840516828517     54.24657534246575352199
 	 12     39.41575729840516828517     59.17808219178082396184
 	 13     39.41575729840516828517     64.10958904109588729625
 	 14     39.41575729840516828517     69.04109589041095773609
 	 15     39.41575729840516828517     73.97260273972602817594
 	 16     39.41575729840516828517     78.90410958904109861578
 	 17     39.41575729840516828517     83.83561643835616905562
 	 18     39.41575729840516828517     88.76712328767122528461
 	 19     39.41575729840516828517     93.69863013698629572445
 	 20     39.41575729840516828517     98.63013698630136616430
 	 21     39.41575729840516828517    103.56164383561643660414
 	 22     39.41575729840516828517    108.49315068493150704398
 	 23     39.41575729840516828517    113.42465753424656327297
 	 24     39.41575729840516828517    118.35616438356164792367
 	 25     39.41575729840516828517    123.28767123287671836351
 	 26     39.41575729840516828517    128.21917808219177459250
 	 27     39.41575729840516828517    133.15068493150684503235
 	 28     39.41575729840516828517    138.08219178082191547219
 	 29     39.41575729840516828517    143.01369863013698591203
 	 30     39.41575729840516828517    147.94520547945205635187
 	 31     39.41575729840516828517    152.87671232876712679172
 	 32     39.41575729840516828517    157.80821917808219723156
 	 33     39.41575729840516828517    162.73972602739726767140
 	 34     39.41575729840516828517    167.67123287671233811125
 	 35     39.41575729840516828517    172.60273972602740855109
 	 36     39.41575729840516828517    177.53424657534245056922
 	 37     39.41575729840516828517    182.46575342465752100907
 	 38     39.41575729840516828517    187.39726027397259144891
 	 39     39.41575729840516828517    192.32876712328766188875
 	 40     39.41575729840516828517    197.26027397260273232860
 	 41     39.41575729840516828517    202.19178082191780276844
 	 42     39.41575729840516828517    207.12328767123287320828
 	 43     39.41575729840516828517    212.05479452054794364813
 	 44     39.41575729840516828517    216.98630136986301408797
 	 45     39.41575729840516828517    221.91780821917808452781
 	 46     39.41575729840516828517    226.84931506849312654595
 	 47     39.41575729840516828517    231.78082191780822540750
 	 48     39.41575729840516828517    236.71232876712329584734
 	 49     39.41575729840516828517    241.64383561643836628718
 	 50     39.41575729840516828517    246.57534246575343672703
 	 51     39.41575729840516828517    251.50684931506850716687
 	 52     39.41575729840516828517    256.43835616438354918500
 	 53     39.41575729840516828517    261.36986301369864804656
 	 54     39.41575729840516828517    266.30136986301369006469
 	 55     39.41575729840516828517    271.23287671232878892624
 	 56     39.41575729840516828517    276.16438356164383094438
 	 57     39.41575729840516828517    281.09589041095892980593
 	 58     39.41575729840516828517    286.02739726027397182406
 	 59     39.41575729840516828517    290.95890410958907068562
 	 60     39.41575729840516828517    295.89041095890411270375
 	 61     39.41575729840516828517    300.82191780821915472188
 	 62     39.41575729840516828517    305.75342465753425358344
 	 63     39.41575729840516828517    310.68493150684929560157
 	 64     39.41575729840516828517    315.61643835616439446312
 	 65     39.41575729840516828517    320.54794520547943648126
 	 66     39.41575729840516828517    325.47945205479453534281
 	 67     39.41575729840516828517    330.41095890410957736094
 	 68     39.41575729840516828517    335.34246575342467622249
 	 69     39.41575729840516828517    340.27397260273971824063
 	 70     39.41575729840516828517    345.20547945205481710218
 	 71     39.41575729840516828517    350.13698630136985912031
 	 72     39.41575729840516828517    355.06849315068490113845
11  69
 	 0     43.34286273632056207816      0.00000000000000000000
 	 1     43.34286273632056207816      5.21739130434782616419
 	 2     43.34286273632056207816     10.43478260869565232838
 	 3     43.34286273632056207816     15.65217391304347849257
 	 4     43.34286273632056207816     20.86956521739130465676
 	 5     43.34286273632056207816     26.08695652173912904459
 	 6     43.34286273632056207816     31.30434782608695698514
 	 7     43.34286273632056207816     36.52173913043478137297
 	 8     43.34286273632056207816     41.73913043478260931352
 	 9     43.34286273632056207816     46.95652173913043014863
 	 10     43.34286273632056207816     52.17391304347825808918
 	 11     43.34286273632056207816     57.39130434782607892430
 	 12     43.34286273632056207816     62.60869565217391397027
 	 13     43.34286273632056207816     67.82608695652174901625
 	 14     43.34286273632056207816     73.04347826086956274594
 	 15     43.34286273632056207816     78.26086956521737647563
 	 16     43.34286273632056207816     83.47826086956521862703
 	 17     43.34286273632056207816     88.69565217391304656758
 	 18     43.34286273632056207816     93.91304347826086029727
 	 19     43.34286273632056207816     99.13043478260868823781
 	 20     43.34286273632056207816    104.34782608695651617836
 	 21     43.34286273632056207816    109.56521739130434411891
 	 22     43.34286273632056207816    114.78260869565215784860
 	 23     43.34286273632056207816    119.99999999999998578915
 	 24     43.34286273632056207816    125.21739130434782794055
 	 25     43.34286273632056207816    130.43478260869565588109
 	 26     43.34286273632056207816    135.65217391304349803249
 	 27     43.34286273632056207816    140.86956521739128334048
 	 28     43.34286273632056207816    146.08695652173912549188
 	 29     43.34286273632056207816    151.30434782608696764328
 	 30     43.34286273632056207816    156.52173913043475295126
 	 31     43.34286273632056207816    161.73913043478259510266
 	 32     43.34286273632056207816    166.95652173913043725406
 	 33     43.34286273632056207816    172.17391304347825098375
 	 34     43.34286273632056207816    177.39130434782609313515
 	 35     43.34286273632056207816    182.60869565217390686485
 	 36     43.34286273632056207816    187.82608695652172059454
 	 37     43.34286273632056207816    193.04347826086956274594
 	 38     43.34286273632056207816    198.26086956521737647563
 	 39     43.34286273632056207816    203.47826086956519020532
 	 40     43.34286273632056207816    208.69565217391303235672
 	 41     43.34286273632056207816    213.91304347826087450812
 	 42     43.34286273632056207816    219.13043478260868823781
 	 43     43.34286273632056207816    224.34782608695650196751
 	 44     43.34286273632056207816    229.56521739130431569720
 	 45     43.34286273632056207816    234.78260869565215784860
 	 46     43.34286273632056207816    239.99999999999997157829
 	 47     43.34286273632056207816    245.21739130434784215140
 	 48     43.34286273632056207816    250.43478260869565588109
 	 49     43.34286273632056207816    255.65217391304344118907
 	 50     43.34286273632056207816    260.86956521739131176219
 	 51     43.34286273632056207816    266.08695652173912549188
 	 52     43.34286273632056207816    271.30434782608699606499
 	 53     43.34286273632056207816    276.52173913043475295126
 	 54     43.34286273632056207816    281.73913043478256668095
 	 55     43.34286273632056207816    286.95652173913043725406
 	 56     43.34286273632056207816    292.17391304347825098375
 	 57     43.34286273632056207816    297.39130434782606471344
 	 58     43.34286273632056207816    302.60869565217393528656
 	 59     43.34286273632056207816    307.82608695652169217283
 	 60     43.34286273632056207816    313.04347826086950590252
 	 61     43.34286273632056207816    318.26086956521737647563
 	 62     43.34286273632056207816    323.47826086956519020532
 	 63     43.34286273632056207816    328.69565217391306077843
 	 64     43.34286273632056207816    333.91304347826087450812
 	 65     43.34286273632056207816    339.13043478260868823781
 	 66     43.34286273632056207816    344.34782608695650196751
 	 67     43.34286273632056207816    349.56521739130431569720
 	 68     43.34286273632056207816    354.78260869565218627031
12  65
 	 0     47.26659117260625464496      0.00000000000000000000
 	 1     47.26659117260625464496      5.53846153846153832490
 	 2     47.26659117260625464496     11.07692307692307664979
 	 3     47.26659117260625464496     16.61538461538461319833
 	 4     47.26659117260625464496     22.15384615384615329958
 	 5     47.26659117260625464496     27.69230769230768984812
 	 6     47.26659117260625464496     33.23076923076922639666
 	 7     47.26659117260625464496     38.76923076923076649791
 	 8     47.26659117260625464496     44.30769230769230659917
 	 9     47.26659117260625464496     49.84615384615384670042
 	 10     47.26659117260625464496     55.38461538461537969624
 	 11     47.26659117260625464496     60.92307692307691269207
 	 12     47.26659117260625464496     66.46153846153845279332
 	 13     47.26659117260625464496     72.00000000000000000000
 	 14     47.26659117260625464496     77.53846153846153299583
 	 15     47.26659117260625464496     83.07692307692306599165
 	 16     47.26659117260625464496     88.61538461538461319833
 	 17     47.26659117260625464496     94.15384615384614619416
 	 18     47.26659117260625464496     99.69230769230769340083
 	 19     47.26659117260625464496    105.23076923076922639666
 	 20     47.26659117260625464496    110.76923076923075939249
 	 21     47.26659117260625464496    116.30769230769230659917
 	 22     47.26659117260625464496    121.84615384615382538414
 	 23     47.26659117260625464496    127.38461538461538680167
 	 24     47.26659117260625464496    132.92307692307690558664
 	 25     47.26659117260625464496    138.46153846153845279332
 	 26     47.26659117260625464496    144.00000000000000000000
 	 27     47.26659117260625464496    149.53846153846151878497
 	 28     47.26659117260625464496    155.07692307692306599165
 	 29     47.26659117260625464496    160.61538461538461319833
 	 30     47.26659117260625464496    166.15384615384613198330
 	 31     47.26659117260625464496    171.69230769230767918998
 	 32     47.26659117260625464496    177.23076923076922639666
 	 33     47.26659117260625464496    182.76923076923074518163
 	 34     47.26659117260625464496    188.30769230769229238831
 	 35     47.26659117260625464496    193.84615384615383959499
 	 36     47.26659117260625464496    199.38461538461538680167
 	 37     47.26659117260625464496    204.92307692307690558664
 	 38     47.26659117260625464496    210.46153846153845279332
 	 39     47.26659117260625464496    216.00000000000000000000
 	 40     47.26659117260625464496    221.53846153846151878497
 	 41     47.26659117260625464496    227.07692307692306599165
 	 42     47.26659117260625464496    232.61538461538461319833
 	 43     47.26659117260625464496    238.15384615384616040501
 	 44     47.26659117260625464496    243.69230769230765076827
 	 45     47.26659117260625464496    249.23076923076922639666
 	 46     47.26659117260625464496    254.76923076923077360334
 	 47     47.26659117260625464496    260.30769230769226396660
 	 48     47.26659117260625464496    265.84615384615381117328
 	 49     47.26659117260625464496    271.38461538461535837996
 	 50     47.26659117260625464496    276.92307692307690558664
 	 51     47.26659117260625464496    282.46153846153845279332
 	 52     47.26659117260625464496    288.00000000000000000000
 	 53     47.26659117260625464496    293.53846153846149036326
 	 54     47.26659117260625464496    299.07692307692303756994
 	 55     47.26659117260625464496    304.61538461538458477662
 	 56     47.26659117260625464496    310.15384615384613198330
 	 57     47.26659117260625464496    315.69230769230767918998
 	 58     47.26659117260625464496    321.23076923076922639666
 	 59     47.26659117260625464496    326.76923076923077360334
 	 60     47.26659117260625464496    332.30769230769226396660
 	 61     47.26659117260625464496    337.84615384615381117328
 	 62     47.26659117260625464496    343.38461538461535837996
 	 63     47.26659117260625464496    348.92307692307690558664
 	 64     47.26659117260625464496    354.46153846153845279332
13  60
 	 0     51.18691177699253813671      0.00000000000000000000
 	 1     51.18691177699253813671      6.00000000000000000000
 	 2     51.18691177699253813671     12.00000000000000000000
 	 3     51.18691177699253813671     18.00000000000000000000
 	 4     51.18691177699253813671     24.00000000000000000000
 	 5     51.18691177699253813671     29.99999999999999644729
 	 6     51.18691177699253813671     36.00000000000000000000
 	 7     51.18691177699253813671     41.99999999999999289457
 	 8     51.18691177699253813671     48.00000000000000000000
 	 9     51.18691177699253813671     54.00000000000000000000
 	 10     51.18691177699253813671     59.99999999999999289457
 	 11     51.18691177699253813671     65.99999999999998578915
 	 12     51.18691177699253813671     72.00000000000000000000
 	 13     51.18691177699253813671     78.00000000000000000000
 	 14     51.18691177699253813671     83.99999999999998578915
 	 15     51.18691177699253813671     90.00000000000000000000
 	 16     51.18691177699253813671     96.00000000000000000000
 	 17     51.18691177699253813671    101.99999999999998578915
 	 18     51.18691177699253813671    108.00000000000000000000
 	 19     51.18691177699253813671    114.00000000000000000000
 	 20     51.18691177699253813671    119.99999999999998578915
 	 21     51.18691177699253813671    126.00000000000000000000
 	 22     51.18691177699253813671    131.99999999999997157829
 	 23     51.18691177699253813671    138.00000000000000000000
 	 24     51.18691177699253813671    144.00000000000000000000
 	 25     51.18691177699253813671    149.99999999999997157829
 	 26     51.18691177699253813671    156.00000000000000000000
 	 27     51.18691177699253813671    162.00000000000000000000
 	 28     51.18691177699253813671    167.99999999999997157829
 	 29     51.18691177699253813671    174.00000000000000000000
 	 30     51.18691177699253813671    180.00000000000000000000
 	 31     51.18691177699253813671    185.99999999999997157829
 	 32     51.18691177699253813671    192.00000000000000000000
 	 33     51.18691177699253813671    198.00000000000000000000
 	 34     51.18691177699253813671    203.99999999999997157829
 	 35     51.18691177699253813671    210.00000000000000000000
 	 36     51.18691177699253813671    216.00000000000000000000
 	 37     51.18691177699253813671    221.99999999999997157829
 	 38     51.18691177699253813671    228.00000000000000000000
 	 39     51.18691177699253813671    234.00000000000000000000
 	 40     51.18691177699253813671    239.99999999999997157829
 	 41     51.18691177699253813671    245.99999999999997157829
 	 42     51.18691177699253813671    252.00000000000000000000
 	 43     51.18691177699253813671    258.00000000000000000000
 	 44     51.18691177699253813671    263.99999999999994315658
 	 45     51.18691177699253813671    270.00000000000000000000
 	 46     51.18691177699253813671    276.00000000000000000000
 	 47     51.18691177699253813671    281.99999999999994315658
 	 48     51.18691177699253813671    288.00000000000000000000
 	 49     51.18691177699253813671    294.00000000000000000000
 	 50     51.18691177699253813671    299.99999999999994315658
 	 51     51.18691177699253813671    306.00000000000000000000
 	 52     51.18691177699253813671    312.00000000000000000000
 	 53     51.18691177699253813671    317.99999999999994315658
 	 54     51.18691177699253813671    324.00000000000000000000
 	 55     51.18691177699253813671    330.00000000000000000000
 	 56     51.18691177699253813671    335.99999999999994315658
 	 57     51.18691177699253813671    342.00000000000000000000
 	 58     51.18691177699253813671    348.00000000000000000000
 	 59     51.18691177699253813671    353.99999999999994315658
14  55
 	 0     55.10263177974782422552      0.00000000000000000000
 	 1     55.10263177974782422552      6.54545454545454497008
 	 2     55.10263177974782422552     13.09090909090908994017
 	 3     55.10263177974782422552     19.63636363636363668661
 	 4     55.10263177974782422552     26.18181818181817988034
 	 5     55.10263177974782422552     32.72727272727272662678
 	 6     55.10263177974782422552     39.27272727272727337322
 	 7     55.10263177974782422552     45.81818181818181301423
 	 8     55.10263177974782422552     52.36363636363635976068
 	 9     55.10263177974782422552     58.90909090909091361254
 	 10     55.10263177974782422552     65.45454545454545325356
 	 11     55.10263177974782422552     72.00000000000000000000
 	 12     55.10263177974782422552     78.54545454545454674644
 	 13     55.10263177974782422552     85.09090909090909349288
 	 14     55.10263177974782422552     91.63636363636362602847
 	 15     55.10263177974782422552     98.18181818181817277491
 	 16     55.10263177974782422552    104.72727272727271952135
 	 17     55.10263177974782422552    111.27272727272726626779
 	 18     55.10263177974782422552    117.81818181818182722509
 	 19     55.10263177974782422552    124.36363636363634554982
 	 20     55.10263177974782422552    130.90909090909090650712
 	 21     55.10263177974782422552    137.45454545454543904270
 	 22     55.10263177974782422552    144.00000000000000000000
 	 23     55.10263177974782422552    150.54545454545453253559
 	 24     55.10263177974782422552    157.09090909090909349288
 	 25     55.10263177974782422552    163.63636363636362602847
 	 26     55.10263177974782422552    170.18181818181818698577
 	 27     55.10263177974782422552    176.72727272727269109964
 	 28     55.10263177974782422552    183.27272727272725205694
 	 29     55.10263177974782422552    189.81818181818178459253
 	 30     55.10263177974782422552    196.36363636363634554982
 	 31     55.10263177974782422552    202.90909090909087808541
 	 32     55.10263177974782422552    209.45454545454543904270
 	 33     55.10263177974782422552    216.00000000000000000000
 	 34     55.10263177974782422552    222.54545454545453253559
 	 35     55.10263177974782422552    229.09090909090909349288
 	 36     55.10263177974782422552    235.63636363636365445018
 	 37     55.10263177974782422552    242.18181818181815856406
 	 38     55.10263177974782422552    248.72727272727269109964
 	 39     55.10263177974782422552    255.27272727272722363523
 	 40     55.10263177974782422552    261.81818181818181301423
 	 41     55.10263177974782422552    268.36363636363637397153
 	 42     55.10263177974782422552    274.90909090909087808541
 	 43     55.10263177974782422552    281.45454545454543904270
 	 44     55.10263177974782422552    288.00000000000000000000
 	 45     55.10263177974782422552    294.54545454545450411388
 	 46     55.10263177974782422552    301.09090909090906507117
 	 47     55.10263177974782422552    307.63636363636356918505
 	 48     55.10263177974782422552    314.18181818181818698577
 	 49     55.10263177974782422552    320.72727272727269109964
 	 50     55.10263177974782422552    327.27272727272725205694
 	 51     55.10263177974782422552    333.81818181818181301423
 	 52     55.10263177974782422552    340.36363636363637397153
 	 53     55.10263177974782422552    346.90909090909087808541
 	 54     55.10263177974782422552    353.45454545454538219929
15  50
 	 0     59.01338382699569962142      0.00000000000000000000
 	 1     59.01338382699569962142      7.20000000000000017764
 	 2     59.01338382699569962142     14.40000000000000035527
 	 3     59.01338382699569962142     21.60000000000000142109
 	 4     59.01338382699569962142     28.80000000000000071054
 	 5     59.01338382699569962142     36.00000000000000000000
 	 6     59.01338382699569962142     43.20000000000000284217
 	 7     59.01338382699569962142     50.40000000000000568434
 	 8     59.01338382699569962142     57.60000000000000142109
 	 9     59.01338382699569962142     64.79999999999999715783
 	 10     59.01338382699569962142     72.00000000000000000000
 	 11     59.01338382699569962142     79.20000000000000284217
 	 12     59.01338382699569962142     86.40000000000000568434
 	 13     59.01338382699569962142     93.60000000000000852651
 	 14     59.01338382699569962142    100.80000000000001136868
 	 15     59.01338382699569962142    108.00000000000001421085
 	 16     59.01338382699569962142    115.20000000000000284217
 	 17     59.01338382699569962142    122.40000000000001989520
 	 18     59.01338382699569962142    129.59999999999999431566
 	 19     59.01338382699569962142    136.80000000000001136868
 	 20     59.01338382699569962142    144.00000000000000000000
 	 21     59.01338382699569962142    151.20000000000001705303
 	 22     59.01338382699569962142    158.40000000000000568434
 	 23     59.01338382699569962142    165.59999999999999431566
 	 24     59.01338382699569962142    172.80000000000001136868
 	 25     59.01338382699569962142    180.00000000000002842171
 	 26     59.01338382699569962142    187.20000000000001705303
 	 27     59.01338382699569962142    194.40000000000000568434
 	 28     59.01338382699569962142    201.60000000000002273737
 	 29     59.01338382699569962142    208.80000000000001136868
 	 30     59.01338382699569962142    216.00000000000002842171
 	 31     59.01338382699569962142    223.20000000000001705303
 	 32     59.01338382699569962142    230.40000000000000568434
 	 33     59.01338382699569962142    237.60000000000002273737
 	 34     59.01338382699569962142    244.80000000000003979039
 	 35     59.01338382699569962142    252.00000000000000000000
 	 36     59.01338382699569962142    259.19999999999998863132
 	 37     59.01338382699569962142    266.40000000000003410605
 	 38     59.01338382699569962142    273.60000000000002273737
 	 39     59.01338382699569962142    280.80000000000001136868
 	 40     59.01338382699569962142    288.00000000000000000000
 	 41     59.01338382699569962142    295.19999999999998863132
 	 42     59.01338382699569962142    302.40000000000003410605
 	 43     59.01338382699569962142    309.60000000000002273737
 	 44     59.01338382699569962142    316.80000000000001136868
 	 45     59.01338382699569962142    324.00000000000005684342
 	 46     59.01338382699569962142    331.19999999999998863132
 	 47     59.01338382699569962142    338.40000000000003410605
 	 48     59.01338382699569962142    345.60000000000002273737
 	 49     59.01338382699569962142    352.80000000000001136868
16  45
 	 0     62.91879150906230222517      0.00000000000000000000
 	 1     62.91879150906230222517      8.00000000000000000000
 	 2     62.91879150906230222517     16.00000000000000000000
 	 3     62.91879150906230222517     24.00000000000000000000
 	 4     62.91879150906230222517     32.00000000000000000000
 	 5     62.91879150906230222517     40.00000000000000000000
 	 6     62.91879150906230222517     48.00000000000000000000
 	 7     62.91879150906230222517     56.00000000000000000000
 	 8     62.91879150906230222517     64.00000000000000000000
 	 9     62.91879150906230222517     72.00000000000000000000
 	 10     62.91879150906230222517     80.00000000000000000000
 	 11     62.91879150906230222517     88.00000000000000000000
 	 12     62.91879150906230222517     96.00000000000000000000
 	 13     62.91879150906230222517    104.00000000000000000000
 	 14     62.91879150906230222517    112.00000000000000000000
 	 15     62.91879150906230222517    119.99999999999998578915
 	 16     62.91879150906230222517    128.00000000000000000000
 	 17     62.91879150906230222517    136.00000000000000000000
 	 18     62.91879150906230222517    144.00000000000000000000
 	 19     62.91879150906230222517    152.00000000000000000000
 	 20     62.91879150906230222517    160.00000000000000000000
 	 21     62.91879150906230222517    168.00000000000000000000
 	 22     62.91879150906230222517    176.00000000000000000000
 	 23     62.91879150906230222517    184.00000000000000000000
 	 24     62.91879150906230222517    192.00000000000000000000
 	 25     62.91879150906230222517    200.00000000000000000000
 	 26     62.91879150906230222517    208.00000000000000000000
 	 27     62.91879150906230222517    216.00000000000000000000
 	 28     62.91879150906230222517    224.00000000000000000000
 	 29     62.91879150906230222517    232.00000000000002842171
 	 30     62.91879150906230222517    239.99999999999997157829
 	 31     62.91879150906230222517    248.00000000000000000000
 	 32     62.91879150906230222517    256.00000000000000000000
 	 33     62.91879150906230222517    264.00000000000000000000
 	 34     62.91879150906230222517    272.00000000000000000000
 	 35     62.91879150906230222517    280.00000000000000000000
 	 36     62.91879150906230222517    288.00000000000000000000
 	 37     62.91879150906230222517    296.00000000000000000000
 	 38     62.91879150906230222517    304.00000000000000000000
 	 39     62.91879150906230222517    312.00000000000000000000
 	 40     62.91879150906230222517    320.00000000000000000000
 	 41     62.91879150906230222517    328.00000000000000000000
 	 42     62.91879150906230222517    336.00000000000000000000
 	 43     62.91879150906230222517    344.00000000000000000000
 	 44     62.91879150906230222517    352.00000000000000000000
17  39
 	 0     66.81849338261241655346      0.00000000000000000000
 	 1     66.81849338261241655346      9.23076923076922994937
 	 2     66.81849338261241655346     18.46153846153845989875
 	 3     66.81849338261241655346     27.69230769230768984812
 	 4     66.81849338261241655346     36.92307692307691979750
 	 5     66.81849338261241655346     46.15384615384614619416
 	 6     66.81849338261241655346     55.38461538461537969624
 	 7     66.81849338261241655346     64.61538461538461319833
 	 8     66.81849338261241655346     73.84615384615383959499
 	 9     66.81849338261241655346     83.07692307692306599165
 	 10     66.81849338261241655346     92.30769230769229238831
 	 11     66.81849338261241655346    101.53846153846153299583
 	 12     66.81849338261241655346    110.76923076923075939249
 	 13     66.81849338261241655346    119.99999999999998578915
 	 14     66.81849338261241655346    129.23076923076922639666
 	 15     66.81849338261241655346    138.46153846153845279332
 	 16     66.81849338261241655346    147.69230769230767918998
 	 17     66.81849338261241655346    156.92307692307693400835
 	 18     66.81849338261241655346    166.15384615384613198330
 	 19     66.81849338261241655346    175.38461538461538680167
 	 20     66.81849338261241655346    184.61538461538458477662
 	 21     66.81849338261241655346    193.84615384615383959499
 	 22     66.81849338261241655346    203.07692307692306599165
 	 23     66.81849338261241655346    212.30769230769229238831
 	 24     66.81849338261241655346    221.53846153846151878497
 	 25     66.81849338261241655346    230.76923076923074518163
 	 26     66.81849338261241655346    239.99999999999997157829
 	 27     66.81849338261241655346    249.23076923076922639666
 	 28     66.81849338261241655346    258.46153846153845279332
 	 29     66.81849338261241655346    267.69230769230767918998
 	 30     66.81849338261241655346    276.92307692307690558664
 	 31     66.81849338261241655346    286.15384615384613198330
 	 32     66.81849338261241655346    295.38461538461535837996
 	 33     66.81849338261241655346    304.61538461538458477662
 	 34     66.81849338261241655346    313.84615384615386801670
 	 35     66.81849338261241655346    323.07692307692303756994
 	 36     66.81849338261241655346    332.30769230769226396660
 	 37     66.81849338261241655346    341.53846153846149036326
 	 38     66.81849338261241655346    350.76923076923077360334
18  34
 	 0     70.70909538469013000395      0.00000000000000000000
 	 1     70.70909538469013000395     10.58823529411764674535
 	 2     70.70909538469013000395     21.17647058823529349070
 	 3     70.70909538469013000395     31.76470588235293845969
 	 4     70.70909538469013000395     42.35294117647058698140
 	 5     70.70909538469013000395     52.94117647058823905581
 	 6     70.70909538469013000395     63.52941176470587691938
 	 7     70.70909538469013000395     74.11764705882353609923
 	 8     70.70909538469013000395     84.70588235294117396279
 	 9     70.70909538469013000395     95.29411764705882603721
 	 10     70.70909538469013000395    105.88235294117647811163
 	 11     70.70909538469013000395    116.47058823529411597519
 	 12     70.70909538469013000395    127.05882352941175383876
 	 13     70.70909538469013000395    137.64705882352939170232
 	 14     70.70909538469013000395    148.23529411764707219845
 	 15     70.70909538469013000395    158.82352941176472427287
 	 16     70.70909538469013000395    169.41176470588234792558
 	 17     70.70909538469013000395    180.00000000000000000000
 	 18     70.70909538469013000395    190.58823529411765207442
 	 19     70.70909538469013000395    201.17647058823530414884
 	 20     70.70909538469013000395    211.76470588235295622326
 	 21     70.70909538469013000395    222.35294117647057987597
 	 22     70.70909538469013000395    232.94117647058823195039
 	 23     70.70909538469013000395    243.52941176470591244652
 	 24     70.70909538469013000395    254.11764705882350767752
 	 25     70.70909538469013000395    264.70588235294115975194
 	 26     70.70909538469013000395    275.29411764705878340465
 	 27     70.70909538469013000395    285.88235294117646390077
 	 28     70.70909538469013000395    296.47058823529414439690
 	 29     70.70909538469013000395    307.05882352941176804961
 	 30     70.70909538469013000395    317.64705882352944854574
 	 31     70.70909538469013000395    328.23529411764701535503
 	 32     70.70909538469013000395    338.82352941176469585116
 	 33     70.70909538469013000395    349.41176470588237634729
19  28
 	 0     74.59281086993401288510      0.00000000000000000000
 	 1     74.59281086993401288510     12.85714285714285765039
 	 2     74.59281086993401288510     25.71428571428571530078
 	 3     74.59281086993401288510     38.57142857142856939845
 	 4     74.59281086993401288510     51.42857142857143060155
 	 5     74.59281086993401288510     64.28571428571427759380
 	 6     74.59281086993401288510     77.14285714285713879690
 	 7     74.59281086993401288510     90.00000000000000000000
 	 8     74.59281086993401288510    102.85714285714286120310
 	 9     74.59281086993401288510    115.71428571428570819535
 	 10     74.59281086993401288510    128.57142857142855518759
 	 11     74.59281086993401288510    141.42857142857141639070
 	 12     74.59281086993401288510    154.28571428571427759380
 	 13     74.59281086993401288510    167.14285714285713879690
 	 14     74.59281086993401288510    180.00000000000000000000
 	 15     74.59281086993401288510    192.85714285714286120310
 	 16     74.59281086993401288510    205.71428571428572240620
 	 17     74.59281086993401288510    218.57142857142855518759
 	 18     74.59281086993401288510    231.42857142857141639070
 	 19     74.59281086993401288510    244.28571428571427759380
 	 20     74.59281086993401288510    257.14285714285711037519
 	 21     74.59281086993401288510    270.00000000000000000000
 	 22     74.59281086993401288510    282.85714285714283278139
 	 23     74.59281086993401288510    295.71428571428572240620
 	 24     74.59281086993401288510    308.57142857142855518759
 	 25     74.59281086993401288510    321.42857142857144481241
 	 26     74.59281086993401288510    334.28571428571427759380
 	 27     74.59281086993401288510    347.14285714285711037519
20  22
 	 0     78.46436617370619615031      0.00000000000000000000
 	 1     78.46436617370619615031     16.36363636363636331339
 	 2     78.46436617370619615031     32.72727272727272662678
 	 3     78.46436617370619615031     49.09090909090908638746
 	 4     78.46436617370619615031     65.45454545454545325356
 	 5     78.46436617370619615031     81.81818181818182722509
 	 6     78.46436617370619615031     98.18181818181817277491
 	 7     78.46436617370619615031    114.54545454545454674644
 	 8     78.46436617370619615031    130.90909090909090650712
 	 9     78.46436617370619615031    147.27272727272725205694
 	 10     78.46436617370619615031    163.63636363636365445018
 	 11     78.46436617370619615031    180.00000000000000000000
 	 12     78.46436617370619615031    196.36363636363634554982
 	 13     78.46436617370619615031    212.72727272727271952135
 	 14     78.46436617370619615031    229.09090909090909349288
 	 15     78.46436617370619615031    245.45454545454546746441
 	 16     78.46436617370619615031    261.81818181818181301423
 	 17     78.46436617370619615031    278.18181818181818698577
 	 18     78.46436617370619615031    294.54545454545450411388
 	 19     78.46436617370619615031    310.90909090909093492883
 	 20     78.46436617370619615031    327.27272727272730890036
 	 21     78.46436617370619615031    343.63636363636362602847
21  16
 	 0     82.32134165428749383864      0.00000000000000000000
 	 1     82.32134165428749383864     22.50000000000000000000
 	 2     82.32134165428749383864     45.00000000000000000000
 	 3     82.32134165428749383864     67.50000000000000000000
 	 4     82.32134165428749383864     90.00000000000000000000
 	 5     82.32134165428749383864    112.50000000000000000000
 	 6     82.32134165428749383864    135.00000000000000000000
 	 7     82.32134165428749383864    157.50000000000000000000
 	 8     82.32134165428749383864    180.00000000000000000000
 	 9     82.32134165428749383864    202.50000000000000000000
 	 10     82.32134165428749383864    225.00000000000000000000
 	 11     82.32134165428749383864    247.49999999999997157829
 	 12     82.32134165428749383864    270.00000000000000000000
 	 13     82.32134165428749383864    292.50000000000000000000
 	 14     82.32134165428749383864    315.00000000000000000000
 	 15     82.32134165428749383864    337.49999999999994315658
22  10
 	 0     86.16382238555821970749      0.00000000000000000000
 	 1     86.16382238555821970749     36.00000000000000000000
 	 2     86.16382238555821970749     72.00000000000000000000
 	 3     86.16382238555821970749    108.00000000000000000000
 	 4     86.16382238555821970749    144.00000000000000000000
 	 5     86.16382238555821970749    180.00000000000000000000
 	 6     86.16382238555821970749    216.00000000000000000000
 	 7     86.16382238555821970749    252.00000000000000000000
 	 8     86.16382238555821970749    288.00000000000000000000
 	 9     86.16382238555821970749    324.00000000000000000000
